0000000000001000100000010000000000000000000100100100000000000001000010000000000000100000000000011000000000010000000000000000001000000000000000000000001000000001100000100000000001000000001000000000000100000000000000001000000001000000000010000000000000000000
0000000000001000100000010000000000000000000100100100000000000001000010000000000000100000000000011000000000010000000000000000001000000000000000000000001000000001100000100000000001000000001000000000000100000000000000001000000001000000000010000000000000000000
0000000000001000100000010000000000000000000100100100000000000001000010000000000000100000000000011000000000010000000000000000001000000000000000000000001000000001100000100000000001000000001000000000000100000000000000001000000001000000000010000000000000000000
0000000000001000100000010000000000000000000100100100000000000001000010000000000000100000000000011000000000010000000000000000001000000000000000000000001000000001100000100000000001000000001000000000000100000000000000001000000001000000000010000000000000000000
0000000000001000100000010000000000000000000100100100000000000001000010000000000000100000000000011000000000010000000000000000001000000000000000000000001000000001100000100000000001000000001000000000000100000000000000001000000001000000000010000000000000000000
0000000000001000100000010000000000000000000100100100000000000001000010000000000000100000000000011000000000010000000000000000001000000000000000000000001000000001100000100000000001000000001000000000000111111111111111111111111111000000000010000000000000000000
0000000000001000100000010000000000000000000100100100000000000001000010000000000000100000000000011000000000010000000000000000001000000000000000000000001000000001100000100000000001000000001000000000000100000000000000001000000001000000000010000000000000000000
0000000000001000100000010000000000000000000100100100000000000001000010000000000000100000000000011000000000010000000000000000001000000000000000000000001000000001100000100000000001000000001000000000000100000000000000001000000001000000000010000000000000000000
0000000000001000100000010000000000000000000100100100000000000001000010000000000000100000000000011000000000010000000000000000001000000000000000000000001000000001100000100000000001000000001000000000000100000000000000001000000001000000000010000000000000000000
0000000000001000100000010000000000000000000100100100000000000001000010000000000000100000000000011000000000010000000000000000001000000000000000000000001000000001100000100000000001000000001000000000000100000000000000001000000001000000000010000000000000000000
0000000000001000100000010000000000000000000100100100000000000001000010000000000000100000000000011000000000010000000000000000001000000000000000000000001000000001111111111111111111111111111111111111111100000000000000001000000001000000000010000000000000000000
0000000000001000100000010000000000000000000100100100000000000001000010000000000000100000000000011000000000010000000000000000001000000000000000000000001000000001100000100000000001000000001000000000000100000000000000001000000001000000000010000000000000000000
0000000000001000100000010000000000000000000100100100000000000001000010000000000000100000000000011000000000010000000000000000001000000000000000000000001000000001100000100000000001000000001000000000000100000000000000001000000001000000000010000000000000000000
0000000000001000100000010000000000000000000100100100000000000001000010000000000000100000000000011000000000010000000000000000001000000000000000000000001000000001100000100000000001000000001000000000000100000000000000001000000001000000000010000000000000000000
0000000000001000100000010000000000000000000100100100000000000001000010000000000000100000000000011000000000010000000000000000001000000000000000000000001000000001100000100000000001000000001000000000000100000000000000001000000001000000000010000000000000000000
0000000000001000100000010000000000000000000100100100000000000001000010000000000000100000000000011000000000010000000000000000001000000000000000000000001000000001100000100000000001000000001000000000000100000000000000001000000001000000000010000000000000000000
0000000000001000100000010000000000000000000100100100000000000001000010000000000000100000000000011000000000010000000000000000001000000000000000000000001000000001100000100000000001000000001000000000000100000000000000001000000001000000000010000000000000000000
0000000000001000100000010000000000000000000100111111111111111111111111111111111111111111111111111000000000010000000000000000001000000000000000000000001000000001100000100000000001000000001000000000000100000000000000001000000001000000000010000000000000000000
0000000000001000100000010000000000000000000100100100000000000001000010000000000000100000000000011000000000010000000000000000001000000000000000000000001000000001100000100000000001000000001000000000000111111111111111111111111111000000000010000000000000000000
0000000000001000111111111111111111111111111111100100000000000001000010000000000000100000000000011000000000010000000000000000001000000000000000000000001000000001100000100000000001000000001000000000000100000000000000001000000001000000000010000000000000000000
0000000000001000100000010000000000000000000100100100000000000001000010000000000000100000000000011000000000010000000000000000001000000000000000000000001000000001100000100000000001000000001000000000000100000000000000001000000001000000000010000000000000000000
0000000000001000100000010000000000000000000100100100000000000001000010000000000000100000000000011000000000010000000000000000001000000000000000000000001000000001100000100000000001000000001000000000000100000000000000001000000001000000000010000000000000000000
0000000000001000100000010000000000000000000100100100000000000001000010000000000000100000000000011000000000010000000000000000001000000000000000000000001000000001100000100000000001000000001000000000000100000000000000001000000001000000000010000000000000000000
0000000000001000100000010000000000000000000100100100000000000001000010000000000000100000000000011000000000010000000000000000001000000000000000000000001000000001100000100000000001000000001000000000000100000000000000001000000001000000000010000000000000000000
0000000000001000100000010000000000000000000100100100000000000001000010000000000000100000000000011000000000010000000000000000001000000000000000000000001000000001111111111111111111111111111111111111111100000000000000001000000001000000000010000000000000000000
0000000000001000100000010000000000000000000100100100000000000001000010000000000000100000000000011000000000010000000000000000001000000000000000000000001000000001100000100000000001000000001000000000000100000000000000001000000001000000000010000000000000000000
0000000000001000100000010000000000000000000100100100000000000001000010000000000000100000000000011000000000010000000000000000001000000000000000000000001000000001100000100000000001000000001000000000000100000000000000001000000001000000000010000000000000000000
0000000000001000100000010000000000000000000100100100000000000001000010000000000000100000000000011000000000010000000000000000001000000000000000000000001000000001100000100000000001000000001000000000000100000000000000001000000001000000000010000000000000000000
0000000000001000100000010000000000000000000100100100000000000001000010000000000000100000000000011000000000011111111111111111111111111111111111111111111000000001100000100000000001000000001000000000000100000000000000001000000001000000000010000000000000000000
0000000000001000100000010000000000000000000100100100000000000001000010000000000000100000000000011000000000010000000000000000001000000000000000000000001000000001100000100000000001000000001000000000000100000000000000001000000001000000000010000000000000000000
0000000000001000100000010000000000000000000100100100000000000001000010000000000000100000000000011000000000010000000000000000001000000000000000000000001000000001100000100000000001000000001000000000000100000000000000001000000001000000000010000000000000000000
0000000000001000100000010000000000000000000100100100000000000001000010000000000000100000000000011000000000010000000000000000001000000000000000000000001000000001100000100000000001000000001000000000000100000000000000001000000001000000000010000000000000000000
0000000000001000100000010000000000000000000100100100000000000001000010000000000000100000000000011000000000010000000000000000001000000000000000000000001000000001100000100000000001000000001000000000000100000000000000001000000001000000000010000000000000000000
1111111111111111111111111111111111111111111111111111111111111111111111111111111111111111111111111111111111111111111111111111111111111111111111111111111111111111111111111111111111111111111111111111111111111111111111111111111111111111111111111111111111111111
1000000000001010000000100000000100000000000000100100001000000000001001000000000000000000000000000000000000010000000000000010000000001000000000100001001000000000010001000000001000000000000000100001000000000000100000000100000100010000000010010000000000000000
1000000000001010000000100000000100000000000000100100001000000000001001000000000000000000000000000000000000010000000000000010000000001000000000100001001000000000010001000000001000000000000000100001000000000000100000000100000100010000000010010000000000000000
1000000000001010000000100000000100000000000000100100001000000000001001000000000000000000000000000000000000010000000000000010000000001000000000100001001000000000010001000000001000000000000000100001000000000000100000000100000100010000000010010000000000000000
1000000000001010000000100000000100000000000000100100001000000000001001000000000000000000000000000000000000010000000000000010000000001000000000100001001000000000010001000000001000000000000000100001000000000000100000000100000100010000000010010000000000000000
1000000000001010000000100000000100000000000000100100001000000000001001000000000000000000000000000000000000010000000000000010000000001000000000100001001000000000010001000000001000000000000000100001111111111111111111111111111111110000000010010000000000000000
1000000000001010000000100000000100000000000000100100001000000000001001000000000000000000000000000000000000010000000000000010000000001000000000100001001000000000010001000000001000000000000000100001000000000000100000000100000100010000000010010000000000000000
1000000000001010000000100000000100000000000000100100001000000000001001000000000000000000000000000000000000010000000000000010000000001000000000100001001000000000010001000000001000000000000000100001000000000000100000000100000100010000000010010000000000000000
1000000000001010000000100000000100000000000000100100001000000000001001000000000000000000000000000000000000010000000000000011111111111111111111111111001000000000010001000000001000000000000000100001000000000000100000000100000100010000000010010000000000000000
1111111111111010000000100000000100000000000000100100001000000000001001000000000000000000000000000000000000010000000000000010000000001000000000100001001000000000010001000000001000000000000000100001000000000000100000000100000100010000000010010000000000000000
1000000000001010000000100000000100000000000000100111111111111111111111000000000000000000000000000000000000010000000000000010000000001000000000100001001000000000010001000000001000000000000000100001000000000000100000000100000100010000000010010000000000000000
1000000000001010000000100000000100000000000000100100001000000000001001000000000000000000000000000000000000010000000000000010000000001000000000100001001000000000011111111111111111111111111111111111000000000000100000000100000100010000000010010000000000000000
1000000000001010000000100000000100000000000000100100001000000000001001000000000000000000000000000000000000010000000000000010000000001000000000100001001000000000010001000000001000000000000000100001000000000000100000000100000100010000000010010000000000000000
1000000000001010000000100000000100000000000000100100001000000000001001000000000000000000000000000000000000010000000000000010000000001000000000100001001000000000010001000000001000000000000000100001000000000000100000000100000100010000000010010000000000000000
1000000000001011111111111111111111111111111111111100001000000000001001000000000000000000000000000000000000010000000000000010000000001000000000100001001000000000010001000000001000000000000000100001000000000000100000000100000100010000000010010000000000000000
1000000000001010000000100000000100000000000000100100001000000000001001000000000000000000000000000000000000010000000000000010000000001000000000100001001000000000010001000000001000000000000000100001000000000000100000000100000100010000000010010000000000000000
1000000000001010000000100000000100000000000000100100001000000000001001000000000000000000000000000000000000010000000000000010000000001000000000100001001000000000010001000000001000000000000000100001000000000000100000000100000100010000000010010000000000000000
1000000000001010000000100000000100000000000000100100001000000000001001000000000000000000000000000000000000010000000000000010000000001000000000100001001000000000010001000000001000000000000000100001000000000000100000000100000100010000000010010000000000000000
1000000000001010000000100000000100000000000000100100001000000000001001000000000000000000000000000000000000010000000000000010000000001000000000100001001000000000010001000000001000000000000000100001000000000000100000000100000100010000000010010000000000000000
1000000000001010000000100000000100000000000000100100001000000000001001000000000000000000000000000000000000010000000000000010000000001000000000100001001000000000010001000000001000000000000000100001000000000000100000000100000100010000000010010000000000000000
1111111111111010000000100000000100000000000000100100001000000000001001000000000000000000000000000000000000010000000000000011111111111111111111111111001000000000010001000000001000000000000000100001000000000000100000000100000100010000000010010000000000000000
1000000000001010000000100000000100000000000000100100001000000000001001000000000000000000000000000000000000010000000000000010000000001000000000100001001000000000010001000000001000000000000000100001000000000000100000000100000100010000000010010000000000000000
1000000000001010000000100000000100000000000000100100001000000000001001000000000000000000000000000000000000010000000000000010000000001000000000100001001000000000010001000000001000000000000000100001000000000000100000000100000100010000000010010000000000000000
1000000000001010000000100000000100000000000000100111111111111111111111000000000000000000000000000000000000010000000000000010000000001000000000100001001000000000010001000000001000000000000000100001000000000000100000000100000100010000000010010000000000000000
1111111111111010000000100000000100000000000000100100001000000000001001000000000000000000000000000000000000010000000000000010000000001000000000100001001000000000010001000000001000000000000000100001000000000000100000000100000100010000000010010000000000000000
0100000000001010000000100000000100000000000000100100001000000000001001000000000000000000000000000000000000010000000000000011111111111111111111111111001000000000010001000000001000000000000000100001111111111111111111111111111111110000000010010000000000000000
0100000000001010000000100000000100000000000000100100001000000000001001000000000000000000000000000000000000010000000000000010000000001000000000100001001000000000010001000000001000000000000000100001000000000000100000000100000100010000000010010000000000000000
0100000000001010000000100000000100000000000000100100001000000000001001000000000000000000000000000000000000011111111111111111111111111111111111111111111000000000010001000000001000000000000000100001000000000000100000000100000100010000000010010000000000000000
0100000000001011111111111111111111111111111111111100001000000000001001000000000000000000000000000000000000010000000000000010010000000000100000000001001000000000011111111111111111111111111111111111000000000000100000000100000100010000000010010000000000000000
0100000000001010000000100000000100000000000000100100001000000000001001000000000000000000000000000000000000010000000000000010010000000000100000000001001000000000010001000000001000000000000000100001000000000000100000000100000100010000000010010000000000000000
0100000000001010000000100000000100000000000000100100001000000000001001000000000000000000000000000000000000010000000000000010010000000000100000000001001000000000010001000000001000000000000000100001000000000000100000000100000100010000000010010000000000000000
0100000000001010000000100000000100000000000000100100001000000000001001000000000000000000000000000000000000010000000000000010010000000000100000000001001000000000010001000000001000000000000000100001000000000000100000000100000100010000000010010000000000000000
0100000000001010000000100000000100000000000000100100001000000000001001000000000000000000000000000000000000010000000000000010010000000000100000000001001000000000010001000000001000000000000000100001000000000000100000000100000100010000000010010000000000000000
0100000000001010000000100000000100000000000000100100001000000000001001000000000000000000000000000000000000010000000000000010010000000000100000000001001000000000010001000000001000000000000000100001111111111111111111111111111111110000000010010000000000000000
1111111111111111111111111111111111111111111111111111111111111111111111111111111111111111111111111111111111111111111111111111111111111111111111111111111111111111111111111111111111111111111111111111111111111111111111111111111111111111111111111111111111111111
0000000000001000000000000000000110000000000000100000000000100010000000000000100000000010000001000000000000010000000000000000000000000000010000000000001000000000000000000000000000000000000000000000001000000010000000000000010000000001000010000000000000000000
0000000000001000000000000000000110000000000000100000000000100010000000000000100000000010000001000000000000010000000000000000000000000000010000000000001000000000000000000000000000000000000000000000001000000010000000000000010000000001000010000000000000000000
0000000000001000000000000000000110000000000000100000000000100010000000000000100000000010000001000000000000010000000000000000000000000000010000000000001000000000000000000000000000000000000000000000001000000010000000000000010000000001000010000000000000000000
0000000000001000000000000000000110000000000000100000000000100010000000000000100000000010000001000000000000010000000000000000000000000000010000000000001000000000000000000000000000000000000000000000001000000010000000000000010000000001000010000000000000000000
0000000000001000000000000000000110000000000000100000000000100010000000000000100000000010000001000000000000010000000000000000000000000000010000000000001000000000000000000000000000000000000000000000001000000010000000000000010000000001000010000000000000000000
0000000000001000000000000000000110000000000000100000000000100010000000000000100000000010000001000000000000010000000000000000000000000000010000000000001000000000000000000000000000000000000000000000001000000010000000000000010000000001000010000000000000000000
0000000000001000000000000000000110000000000000100000000000100010000000000000100000000010000001000000000000010000000000000000000000000000010000000000001000000000000000000000000000000000000000000000001000000010000000000000010000000001000010000000000000000000
0000000000001000000000000000000110000000000000100000000000100010000000000000100000000010000001000000000000010000000000000000000000000000010000000000001000000000000000000000000000000000000000000000001000000010000000000000010000000001000010000000000000000000
0000000000001000000000000000000110000000000000100000000000100010000000000000100000000010000001000000000000010000000000000000000000000000010000000000001000000000000000000000000000000000000000000000001000000010000000000000010000000001000010000000000000000000
0000000000001000000000000000000110000000000000100000000000100010000000000000100000000010000001000000000000010000000000000000000000000000010000000000001000000000000000000000000000000000000000000000001000000010000000000000010000000001000010000000000000000000
0000000000001000000000000000000110000000000000100000000000100010000000000000100000000010000001000000000000010000000000000000000000000000010000000000001000000000000000000000000000000000000000000000001000000010000000000000010000000001000010000000000000000000
0000000000001000000000000000000110000000000000100000000000100010000000000000100000000010000001000000000000010000000000000000000000000000010000000000001000000000000000000000000000000000000000000000001000000010000000000000010000000001000010000000000000000000
0000000000001000000000000000000111111111111111111111111111100010000000000000100000000010000001000000000000010000000000000000000000000000010000000000001000000000000000000000000000000000000000000000001000000010000000000000010000000001000010000000000000000000
0000000000001000000000000000000110000000000000100000000000100010000000000000100000000010000001000000000000010000000000000000000000000000010000000000001000000000000000000000000000000000000000000000001000000010000000000000010000000001000010000000000000000000
0000000000001000000000000000000110000000000000100000000000100010000000000000100000000010000001000000000000010000000000000000000000000000010000000000001000000000000000000000000000000000000000000000001000000010000000000000010000000001000010000000000000000000
0000000000001000000000000000000110000000000000100000000000100010000000000000100000000010000001000000000000010000000000000000000000000000010000000000001000000000000000000000000000000000000000000000001000000010000000000000010000000001000010000000000000000000
0000000000001000000000000000000110000000000000100000000000100010000000000000100000000010000001000000000000010000000000000000000000000000010000000000001000000000000000000000000000000000000000000000001000000010000000000000010000000001000010000000000000000000
0000000000001000000000000000000110000000000000100000000000100010000000000000100000000010000001000000000000010000000000000000000000000000010000000000001000000000000000000000000000000000000000000000001000000010000000000000010000000001000010000000000000000000
0000000000001000000000000000000110000000000000100000000000111111111111111111111111111111111111000000000000010000000000000000000000000000010000000000001000000000000000000000000000000000000000000000001000000010000000000000010000000001000010000000000000000000
0000000000001000000000000000000110000000000000100000000000100010000000000000100000000010000001000000000000010000000000000000000000000000010000000000001000000000000000000000000000000000000000000000001000000010000000000000010000000001000010000000000000000000
0000000000001000000000000000000110000000000000100000000000100010000000000000100000000010000001000000000000010000000000000000000000000000010000000000001000000000000000000000000000000000000000000000001111111111111111111111111111111111000010000000000000000000
0000000000001000000000000000000110000000000000100000000000100010000000000000100000000010000001000000000000010000000000000000000000000000010000000000001000000000000000000000000000000000000000000000001000000010000000000000010000000001000010000000000000000000
0000000000001000000000000000000110000000000000100000000000100010000000000000100000000010000001000000000000010000000000000000000000000000010000000000001000000000000000000000000000000000000000000000001000000010000000000000010000000001000010000000000000000000
0000000000001000000000000000000110000000000000100000000000100010000000000000100000000010000001000000000000010000000000000000000000000000010000000000001000000000000000000000000000000000000000000000001000000010000000000000010000000001000010000000000000000000
0000000000001000000000000000000110000000000000100000000000100010000000000000100000000010000001000000000000010000000000000000000000000000010000000000001000000000000000000000000000000000000000000000001000000010000000000000010000000001000010000000000000000000
0000000000001000000000000000000110000000000000100000000000100010000000000000100000000010000001000000000000010000000000000000000000000000010000000000001000000000000000000000000000000000000000000000001000000010000000000000010000000001000010000000000000000000
0000000000001000000000000000000111111111111111111111111111100010000000000000100000000010000001000000000000010000000000000000000000000000010000000000001000000000000000000000000000000000000000000000001000000010000000000000010000000001000010000000000000000000
0000000000001000000000000000000110000000000000100000000000100010000000000000100000000010000001000000000000010000000000000000000000000000010000000000001000000000000000000000000000000000000000000000001000000010000000000000010000000001000010000000000000000000
0000000000001000000000000000000110000000000000100000000000100010000000000000100000000010000001000000000000010000000000000000000000000000010000000000001000000000000000000000000000000000000000000000001000000010000000000000010000000001000010000000000000000000
0000000000001000000000000000000110000000000000100000000000100010000000000000100000000010000001000000000000010000000000000000000000000000010000000000001000000000000000000000000000000000000000000000001000000010000000000000010000000001000010000000000000000000
0000000000001000000000000000000110000000000000100000000000100010000000000000100000000010000001000000000000010000000000000000000000000000010000000000001000000000000000000000000000000000000000000000001000000010000000000000010000000001000010000000000000000000
0000000000001000000000000000000110000000000000100000000000100010000000000000100000000010000001000000000000010000000000000000000000000000010000000000001000000000000000000000000000000000000000000000001000000010000000000000010000000001000010000000000000000000
0000000000001000000000000000000111111111111111111111111111100010000000000000100000000010000001000000000000010000000000000000000000000000010000000000001000000000000000000000000000000000000000000000001000000010000000000000010000000001000010000000000000000000
0000000000001000000000000000000110000000000000100000000000111111111111111111111111111111111111000000000000010000000000000000000000000000010000000000001000000000000000000000000000000000000000000000001000000010000000000000010000000001000010000000000000000000
0000000000001000000000000000000110000000000000100000000000100010000000000000100000000010000001000000000000010000000000000000000000000000010000000000001000000000000000000000000000000000000000000000001000000010000000000000010000000001000010000000000000000000
0000000000001000000000000000000110000000000000100000000000100010000000000000100000000010000001000000000000010000000000000000000000000000010000000000001000000000000000000000000000000000000000000000001000000010000000000000010000000001000010000000000000000000
0000000000001000000000000000000110000000000000100000000000100010000000000000100000000010000001000000000000011111111111111111111111111111111111111111111000000000000000000000000000000000000000000000001000000010000000000000010000000001000010000000000000000000
0000000000001000000000000000000110000000000000100000000000100010000000000000100000000010000001000000000000011000000000000000001000000000010000000000001000000000000000000000000000000000000000000000001000000010000000000000010000000001000010000000000000000000
0000000000001000000000000000000110000000000000100000000000100010000000000000100000000010000001000000000000011000000000000000001000000000010000000000001000000000000000000000000000000000000000000000001000000010000000000000010000000001000010000000000000000000
0000000000001000000000000000000110000000000000100000000000100010000000000000100000000010000001000000000000011000000000000000001000000000010000000000001000000000000000000000000000000000000000000000001111111111111111111111111111111111000010000000000000000000
0000000000001000000000000000000110000000000000100000000000100010000000000000100000000010000001000000000000011000000000000000001000000000010000000000001000000000000000000000000000000000000000000000001000000010000000000000010000000001000010000000000000000000
0000000000001000000000000000000110000000000000100000000000100010000000000000100000000010000001000000000000011000000000000000001000000000010000000000001000000000000000000000000000000000000000000000001000000010000000000000010000000001000010000000000000000000
0000000000001111111111111111111111111111111111111111111111111111111111111111111111111111111111111111111111111000000000000000001000000000010000000000001000000000000000000000000000000000000000000000001000000010000000000000010000000001000010000000000000000000
0000000000001000100000000000000100000000000000001000000000100001000000000000000100000001000001001000000000011000000000000000001000000000011111111111111000000000000000000000000000000000000000000000001000000010000000000000010000000001000010000000000000000000
0000000000001000100000000000000100000000000000001000000000100001000000000000000100000001000001001000000000011111111111111111111111111111110000000000001000000000000000000000000000000000000000000000001000000010000000000000010000000001000010000000000000000000
0000000000001000100000000000000100000000000000001000000000100001000000000000000100000001000001001000000000011000000000000000001000000000010000000000001000000000000000000000000000000000000000000000001000000010000000000000010000000001000010000000000000000000
0000000000001000100000000000000100000000000000001000000000100001000000000000000100000001000001001000000000011000000000000000001000000000010000000000001000000000000000000000000000000000000000000000001000000010000000000000010000000001000010000000000000000000
0000000000001111111111111111111100000000000000001000000000100001000000000000000100000001000001001000000000011000000000000000001000000000010000000000001000000000000000000000000000000000000000000000001000000010000000000000010000000001000010000000000000000000
0000000000001000100000000000000100000000000000001000000000100001000000000000000100000001000001001000000000011000000000000000001000000000011111111111111111111111111111111111111111111111111111111111111111111111111111111111111111111111111110000000000000000000
0000000000001000100000000000000100000000000000001000000000100001000000000000000100000001000001001000000000011000000000000000001000000000010000000000001010000000000001000000000000000100000000000100001000000010000100001000000000000001000010000000000000000000
0000000000001000100000000000000100000000000000001000000000100001000000000000000100000001000001001000000000011000000000000000001000000000010000000000001010000000000001000000000000000100000000000100001000000010000100001000000000000001000010000000000000000000
0000000000001000100000000000000100000000000000001000000000100001000000000000000100000001000001001000000000011000000000000000001000000000010000000000001010000000000001000000000000000100000000000100001000000010000100001000000000000001000010000000000000000000
0000000000001000100000000000000100000000000000001000000000100001000000000000000100000001000001001000000000011000000000000000001000000000010000000000001010000000000001000000000000000100000000000100001000000010000100001000000000000001000010000000000000000000
0000000000001000100000000000000100000000000000001000000000100001000000000000000100000001000001001000000000011000000000000000001000000000010000000000001010000000000001000000000000000100000000000100001000000010000100001000000000000001000010000000000000000000
0000000000001000100000000000000100000000000000001000000000100001000000000000000100000001000001001000000000011000000000000000001000000000010000000000001010000000000001000000000000000100000000000100001111111111111111111111111111111111000010000000000000000000
0000000000001000100000000000000100000000000000001000000000100001000000000000000100000001000001001000000000011000000000000000001000000000011111111111111010000000000001000000000000000100000000000100001000000010000100001000000000000001111110000000000000000000
0000000000001000100000000000000100000000000000001000000000100001000000000000000100000001000001001000000000011000000000000000001000000000010000000000001010000000000001000000000000000100000000000100001000000010000100001000000000000001000010000000000000000000
0000000000001000100000000000000111111111111111111111111111100001000000000000000100000001000001111111111111111111111111111111111111111111111111111111111010000000000001000000000000000100000000000100001000000010000100001000000000000001000010000000000000000000
0000000000001000100000000000000100000000000000001000000000100001000000000000000100000001000001001000000000010000000000000000000000000000010000000000001010000000000001000000000000000100000000000100001000000010000100001000000000000001000010000000000000000000
0000000000001000100000000000000100000000000000001000000000100001000000000000000100000001000001001000000000010000000000000000000000000000010000000000001010000000000001000000000000000100000000000100001000000010000100001000000000000001000010000000000000000000
0000000000001000100000000000000100000000000000001000000000100001000000000000000100000001000001001000000000010000000000000000000000000000010000000000001010000000000001000000000000000100000000000100001000000010000100001000000000000001000010000000000000000000
0000000000001000100000000000000100000000000000001000000000100001000000000000000100000001000001001000000000010000000000000000000000000000010000000000001010000000000001000000000000000100000000000100001000000010000100001000000000000001000010000000000000000000
0000000000001000100000000000000100000000000000001000000000111111111111111111111111111111111111001000000000010000000000000000000000000000010000000000001111111111111111111111111111111111111111111111111000000010000100001000000000000001111110000000000000000000
0000000000001000100000000000000100000000000000001000000000100001000000000000000100000001000001001000000000010000000000000000000000000000010000000000001010000000000001000000000000000100000000000100001000000010000100001000000000000001000010000000000000000000
0000000000001000100000000000000111111111111111111111111111100001000000000000000100000001000001111111111111110000000000000000000000000000010000000000001010000000000001000000000000000100000000000100001000000010000100001000000000000001000010000000000000000000
0000000000001000100000000000000100000000000000001000000000100001000000000000000100000001000001001000000000010000000000000000000000000000010000000000001010000000000001000000000000000100000000000100001000000010000100001000000000000001000010000000000000000000
0000000000001111111111111111111100000000000000001000000000100001000000000000000100000001000001001000000000010000000000000000000000000000010000000000001010000000000001000000000000000100000000000100001000000010000100001000000000000001000010000000000000000000
0000000000001000100000000000000100000000000000001000000000100001000000000000000100000001000001001000000000010000000000000000000000000000010000000000001010000000000001000000000000000100000000000100001000000010000100001000000000000001000010000000000000000000
0000000000001000100000000000000100000000000000001000000000100001000000000000000100000001000001001000000000010000000000000000000000000000010000000000001111111111111111111111111111111111111111111111111000000010000100001000000000000001111110000000000000000000
0000000000001000100000000000000111111111111111111111111111100001000000000000000100000001000001001000000000010000000000000000000000000000010000000000001010000000000001000000000000000100000000000100001111111111111111111111111111111111000010000000000000000000
0000000000001000100000000000000100000000000000001000000000100001000000000000000100000001000001001000000000010000000000000000000000000000010000000000001010000000000001000000000000000100000000000100001000000010000100001000000000000001000010000000000000000000
0000000000001111111111111111111111111111111111111111111111111111111111111111111111111111111111111111111111110000000000000000000000000000010000000000001010000000000001000000000000000100000000000100001000000010000100001000000000000001000010000000000000000000
0000000000001000000000000000000100010000000000010000000000100000100000000000000001000000000001000000000000010000000000000000000000000000010000000000001010000000000001000000000000000100000000000100001000000010000100001000000000000001000010000000000000000000
0000000000001000000000000000000100010000000000010000000000100000100000000000000001000000000001000000000000010000000000000000000000000000010000000000001010000000000001000000000000000100000000000100001000000010000100001000000000000001000010000000000000000000
0000000000001000000000000000000100010000000000010000000000100000100000000000000001000000000001000000000000010000000000000000000000000000010000000000001111111111111111111111111111111111111111111111111111111111111111111111111111111111111110000000000000000000
0000000000001000000000000000000100010000000000010000000000100000100000000000000001000000000001000000000000010000000000000000000000000000010000000000001000000000000000000000000000000000000000000000001000000000000000010000000000010001000010000000000000000000
